46
882
266
558
429
561
922
396
824
650
105
828
928
724
435
870
731
403
27
29
414
90
154
618
308
610
219
444
432
232
36
766
904
893
693
78
579
949
399
736
123
699
869
677
776
419
710
923
965
622
800
316
645
687
162
954
745
413
543
256
516
994
866
431
125
833
919
905
238
541
848
258
353
656
383
85
339
641
815
464
854
225
880
851
841
324
948
990
455
474
560
751
8
989
327
21
72
765
323
287
803
737
709
835
439
490
936
836
794
26
203
974
328
338
43
522
643
505
732
840
306
634
995
628
657
425
373
939
209
606
678
255
979
192
394
124
886
133
59
702
81
717
110
681
100
808
475
950
902
868
597
259
128
136
484
964
601
605
590
387
637
294
307
562
804
671
0
486
226
247
972
773
122
281
165
267
577
332
844
173
875
792
189
459
863
83
975
743
50
447
472
807
292
692
221
885
546
985
539
619
452
322
101
987
734
976
262
400
556
241
436
211
488
644
7
793
224
38
471
504
305
424
426
725
862
185
268
127
871
252
523
367
317
563
433
368
201
427
283
719
481
755
114
40
346
84
253
454
958
860
107
301
578
813
272
374
712
278
585
826
684
168
150
583
389
477
94
331
495
953
668
190
466
320
169
184
357
704
428
298
929
729
204
530
216
770
115
336
19
550
782
499
28
764
920
458
688
727
265
52
777
303
786
313
664
152
384
772
957
312
832
616
629
131
576
437
952
299
564
18
914
24
345
867
604
876
60
588
685
761
315
423
888
781
636
682
159
392
570
707
752
899
754
212
73
913
227
889
61
652
112
422
646
282
71
401
302
98
462
376
897
647
380
372
359
113
234
614
918
14
448
295
829
340
506
621
798
321
500
559
915
756
416
23
285
501
341
186
5
31
229
545
740
676
966
721
260
178
534
348
747
130
973
75
206
894
698
191
912
566
938
200
257
249
982
932
683
942
467
166
877
77
631
109
649
469
986
852
143
177
497
962
850
39
53
157
967
528
790
878
106
369
286
535
753
140
44
940
271
489
589
552
861
145
311
354
170
243
87
76
587
182
716
293
726
763
960
235
263
837
218
881
674
108
686
963
89
924
208
325
795
194
811
88
955
158
839
171
415
661
228
679
215
910
703
695
334
207
37
943
908
139
442
696
210
651
512
144
195
349
456
417
988
277
370
785
567
183
330
309
722
507
896
99
74
405
179
903
887
694
342
222
502
533
554
280
248
377
569
654
611
584
156
254
409
461
438
358
750
996
58
999
574
666
138
536
96
126
174
310
479
16
491
749
901
55
595
443
892
407
593
582
410
382
937
865
460
276
32
503
142
296
135
540
151
478
856
791
526
117
163
22
817
509
672
739
557
172
2
571
779
746
708
494
181
223
789
802
492
627
873
161
565
872
329
511
214
801
290
175
831
771
498
291
10
188
155
30
137
412
68
347
895
718
891
658
947
202
532
538
230